Observation space:  Box(0, 100, (15,), uint64) uint64
Action space:  Box(0, 100, (15,), uint64) uint64
Start iteration:  0
Step:  0
---obs: [2, 4, 1, 1, 2, 2, 4, 3, 4, 1, 2, 3, 2, 2, 0]
---action:  [2, 4, 1, 1, 2, 2, 4, 3, 4, 1, 2, 3, 2, 2, 0]
2
new action [2, 4, 3, 1, 2, 2, 4, 3, 4, 1, 2, 3, 2, 2, 0]
Step:  1
---obs, reward, done, info:  [2, 4, 3, 1, 2, 2, 4, 3, 4, 1, 2, 3, 2, 2, 0] 0.040960002690553665 False taller2 |123
---action:  [2, 4, 3, 1, 2, 2, 4, 3, 4, 1, 2, 3, 2, 2, 0]
5
new action [2, 4, 3, 1, 2, 1, 4, 3, 4, 1, 2, 3, 2, 2, 0]
Step:  2
---obs, reward, done, info:  [2, 4, 3, 1, 2, 1, 4, 3, 4, 1, 2, 3, 2, 2, 0] 0.33587199449539185 False taller2 |123
---action:  [2, 4, 3, 1, 2, 1, 4, 3, 4, 1, 2, 3, 2, 2, 0]
13
new action [2, 4, 3, 1, 2, 1, 4, 3, 4, 1, 2, 3, 2, 4, 0]
Step:  3
---obs, reward, done, info:  [2, 4, 3, 1, 2, 1, 4, 3, 4, 1, 2, 3, 2, 4, 0] 0.8279379606246948 False taller2 |123
---action:  [2, 4, 3, 1, 2, 1, 4, 3, 4, 1, 2, 3, 2, 4, 0]
4
new action [2, 4, 3, 1, 4, 1, 4, 3, 4, 1, 2, 3, 2, 4, 0]
Step:  4
---obs, reward, done, info:  [2, 4, 3, 1, 4, 1, 4, 3, 4, 1, 2, 3, 2, 4, 0] 1.153433918952942 False taller2 |123
---action:  [2, 4, 3, 1, 4, 1, 4, 3, 4, 1, 2, 3, 2, 4, 0]
13
new action [2, 4, 3, 1, 4, 1, 4, 3, 4, 1, 2, 3, 2, 1, 0]
Step:  5
---obs, reward, done, info:  [2, 4, 3, 1, 4, 1, 4, 3, 4, 1, 2, 3, 2, 1, 0] 0.6477138996124268 False taller2 |123
---action:  [2, 4, 3, 1, 4, 1, 4, 3, 4, 1, 2, 3, 2, 1, 0]
12
new action [2, 4, 3, 1, 4, 1, 4, 3, 4, 1, 2, 3, 1, 1, 0]
Step:  6
---obs, reward, done, info:  [2, 4, 3, 1, 4, 1, 4, 3, 4, 1, 2, 3, 1, 1, 0] 1.3839013576507568 False taller2 |123
---action:  [2, 4, 3, 1, 4, 1, 4, 3, 4, 1, 2, 3, 1, 1, 0]
10
new action [2, 4, 3, 1, 4, 1, 4, 3, 4, 1, 3, 3, 1, 1, 0]
Step:  7
---obs, reward, done, info:  [2, 4, 3, 1, 4, 1, 4, 3, 4, 1, 3, 3, 1, 1, 0] 0.6029314994812012 False taller2 |123
---action:  [2, 4, 3, 1, 4, 1, 4, 3, 4, 1, 3, 3, 1, 1, 0]
8
new action [2, 4, 3, 1, 4, 1, 4, 3, 1, 1, 3, 3, 1, 1, 0]
Step:  8
---obs, reward, done, info:  [2, 4, 3, 1, 4, 1, 4, 3, 1, 1, 3, 3, 1, 1, 0] 1.1621718406677246 False taller2 |123
---action:  [2, 4, 3, 1, 4, 1, 4, 3, 1, 1, 3, 3, 1, 1, 0]
13
new action [2, 4, 3, 1, 4, 1, 4, 3, 1, 1, 3, 3, 1, 0, 0]
Step:  9
---obs, reward, done, info:  [2, 4, 3, 1, 4, 1, 4, 3, 1, 1, 3, 3, 1, 0, 0] 0.6815752983093262 False taller2 |123
---action:  [2, 4, 3, 1, 4, 1, 4, 3, 1, 1, 3, 3, 1, 0, 0]
5
new action [2, 4, 3, 1, 4, 3, 4, 3, 1, 1, 3, 3, 1, 0, 0]
Step:  10
---obs, reward, done, info:  [2, 4, 3, 1, 4, 3, 4, 3, 1, 1, 3, 3, 1, 0, 0] 1.1157498359680176 False taller2 |123
---action:  [2, 4, 3, 1, 4, 3, 4, 3, 1, 1, 3, 3, 1, 0, 0]
3
new action [2, 4, 3, 3, 4, 3, 4, 3, 1, 1, 3, 3, 1, 0, 0]
Step:  11
---obs, reward, done, info:  [2, 4, 3, 3, 4, 3, 4, 3, 1, 1, 3, 3, 1, 0, 0] 0.6444377899169922 False taller2 |123
---action:  [2, 4, 3, 3, 4, 3, 4, 3, 1, 1, 3, 3, 1, 0, 0]
3
new action [2, 4, 3, 2, 4, 3, 4, 3, 1, 1, 3, 3, 1, 0, 0]
Step:  12
---obs, reward, done, info:  [2, 4, 3, 2, 4, 3, 4, 3, 1, 1, 3, 3, 1, 0, 0] 1.0988197326660156 False taller2 |123
---action:  [2, 4, 3, 2, 4, 3, 4, 3, 1, 1, 3, 3, 1, 0, 0]
13
new action [2, 4, 3, 2, 4, 3, 4, 3, 1, 1, 3, 3, 1, 1, 0]
Step:  13
---obs, reward, done, info:  [2, 4, 3, 2, 4, 3, 4, 3, 1, 1, 3, 3, 1, 1, 0] 0.1987934112548828 False taller2 |123
---action:  [2, 4, 3, 2, 4, 3, 4, 3, 1, 1, 3, 3, 1, 1, 0]
13
14
new action [2, 4, 3, 2, 4, 3, 4, 3, 1, 1, 3, 3, 1, 1, 1]
Step:  14
---obs, reward, done, info:  [2, 4, 3, 2, 4, 3, 4, 3, 1, 1, 3, 3, 1, 1, 1] 1.0310983657836914 False taller2 |123
---action:  [2, 4, 3, 2, 4, 3, 4, 3, 1, 1, 3, 3, 1, 1, 1]
5
new action [2, 4, 3, 2, 4, 0, 4, 3, 1, 1, 3, 3, 1, 1, 1]
Step:  15
---obs, reward, done, info:  [2, 4, 3, 2, 4, 0, 4, 3, 1, 1, 3, 3, 1, 1, 1] 0.5625190734863281 False taller2 |123
---action:  [2, 4, 3, 2, 4, 0, 4, 3, 1, 1, 3, 3, 1, 1, 1]
6
new action [2, 4, 3, 2, 4, 0, 3, 3, 1, 1, 3, 3, 1, 1, 1]
Step:  16
---obs, reward, done, info:  [2, 4, 3, 2, 4, 0, 3, 3, 1, 1, 3, 3, 1, 1, 1] 1.3533172607421875 False taller2 |123
---action:  [2, 4, 3, 2, 4, 0, 3, 3, 1, 1, 3, 3, 1, 1, 1]
10
new action [2, 4, 3, 2, 4, 0, 3, 3, 1, 1, 0, 3, 1, 1, 1]
Step:  17
---obs, reward, done, info:  [2, 4, 3, 2, 4, 0, 3, 3, 1, 1, 0, 3, 1, 1, 1] 0.3768320083618164 False taller2 |123
---action:  [2, 4, 3, 2, 4, 0, 3, 3, 1, 1, 0, 3, 1, 1, 1]
5
new action [2, 4, 3, 2, 4, 3, 3, 3, 1, 1, 0, 3, 1, 1, 1]
Step:  18
---obs, reward, done, info:  [2, 4, 3, 2, 4, 3, 3, 3, 1, 1, 0, 3, 1, 1, 1] 1.295973777770996 False taller2 |123
---action:  [2, 4, 3, 2, 4, 3, 3, 3, 1, 1, 0, 3, 1, 1, 1]
0
new action [4, 4, 3, 2, 4, 3, 3, 3, 1, 1, 0, 3, 1, 1, 1]
Step:  19
---obs, reward, done, info:  [4, 4, 3, 2, 4, 3, 3, 3, 1, 1, 0, 3, 1, 1, 1] 0.3954000473022461 False taller2 |123
---action:  [4, 4, 3, 2, 4, 3, 3, 3, 1, 1, 0, 3, 1, 1, 1]
5
new action [4, 4, 3, 2, 4, 1, 3, 3, 1, 1, 0, 3, 1, 1, 1]
Step:  20
---obs, reward, done, info:  [4, 4, 3, 2, 4, 1, 3, 3, 1, 1, 0, 3, 1, 1, 1] 1.5248050689697266 False taller2 |123
---action:  [4, 4, 3, 2, 4, 1, 3, 3, 1, 1, 0, 3, 1, 1, 1]
4
new action [4, 4, 3, 2, 3, 1, 3, 3, 1, 1, 0, 3, 1, 1, 1]
Step:  21
---obs, reward, done, info:  [4, 4, 3, 2, 3, 1, 3, 3, 1, 1, 0, 3, 1, 1, 1] 0.4707679748535156 False taller2 |123
---action:  [4, 4, 3, 2, 3, 1, 3, 3, 1, 1, 0, 3, 1, 1, 1]
2
new action [4, 4, 2, 2, 3, 1, 3, 3, 1, 1, 0, 3, 1, 1, 1]
Step:  22
---obs, reward, done, info:  [4, 4, 2, 2, 3, 1, 3, 3, 1, 1, 0, 3, 1, 1, 1] 1.303619384765625 False taller2 |123
---action:  [4, 4, 2, 2, 3, 1, 3, 3, 1, 1, 0, 3, 1, 1, 1]
3
new action [4, 4, 2, 3, 3, 1, 3, 3, 1, 1, 0, 3, 1, 1, 1]
Step:  23
---obs, reward, done, info:  [4, 4, 2, 3, 3, 1, 3, 3, 1, 1, 0, 3, 1, 1, 1] -0.17913055419921875 False taller2 |123
---action:  [4, 4, 2, 2, 3, 1, 3, 3, 1, 1, 0, 3, 1, 1, 1]
1
new action [4, 3, 2, 2, 3, 1, 3, 3, 1, 1, 0, 3, 1, 1, 1]
Step:  24
---obs, reward, done, info:  [4, 3, 2, 2, 3, 1, 3, 3, 1, 1, 0, 3, 1, 1, 1] 1.1299514770507812 False taller2 |123
---action:  [4, 3, 2, 2, 3, 1, 3, 3, 1, 1, 0, 3, 1, 1, 1]
8
new action [4, 3, 2, 2, 3, 1, 3, 3, 2, 1, 0, 3, 1, 1, 1]
Step:  25
---obs, reward, done, info:  [4, 3, 2, 2, 3, 1, 3, 3, 2, 1, 0, 3, 1, 1, 1] -0.05570793151855469 False taller2 |123
---action:  [4, 3, 2, 2, 3, 1, 3, 3, 1, 1, 0, 3, 1, 1, 1]
13
new action [4, 3, 2, 2, 3, 1, 3, 3, 1, 1, 0, 3, 1, 0, 1]
Step:  26
---obs, reward, done, info:  [4, 3, 2, 2, 3, 1, 3, 3, 1, 1, 0, 3, 1, 0, 1] 1.3702449798583984 False taller2 |123
---action:  [4, 3, 2, 2, 3, 1, 3, 3, 1, 1, 0, 3, 1, 0, 1]
8
new action [4, 3, 2, 2, 3, 1, 3, 3, 2, 1, 0, 3, 1, 0, 1]
Step:  27
---obs, reward, done, info:  [4, 3, 2, 2, 3, 1, 3, 3, 2, 1, 0, 3, 1, 0, 1] 0.13817596435546875 False taller2 |123
---action:  [4, 3, 2, 2, 3, 1, 3, 3, 2, 1, 0, 3, 1, 0, 1]
6
new action [4, 3, 2, 2, 3, 1, 2, 3, 2, 1, 0, 3, 1, 0, 1]
Step:  28
---obs, reward, done, info:  [4, 3, 2, 2, 3, 1, 2, 3, 2, 1, 0, 3, 1, 0, 1] 1.247365951538086 False taller2 |123
---action:  [4, 3, 2, 2, 3, 1, 2, 3, 2, 1, 0, 3, 1, 0, 1]
5
new action [4, 3, 2, 2, 3, 3, 2, 3, 2, 1, 0, 3, 1, 0, 1]
Step:  29
---obs, reward, done, info:  [4, 3, 2, 2, 3, 3, 2, 3, 2, 1, 0, 3, 1, 0, 1] -0.06881332397460938 False taller2 |123
---action:  [4, 3, 2, 2, 3, 1, 2, 3, 2, 1, 0, 3, 1, 0, 1]
10
new action [4, 3, 2, 2, 3, 1, 2, 3, 2, 1, 1, 3, 1, 0, 1]
Step:  30
---obs, reward, done, info:  [4, 3, 2, 2, 3, 1, 2, 3, 2, 1, 1, 3, 1, 0, 1] 1.1840171813964844 False taller2 |123
---action:  [4, 3, 2, 2, 3, 1, 2, 3, 2, 1, 1, 3, 1, 0, 1]
12
new action [4, 3, 2, 2, 3, 1, 2, 3, 2, 1, 1, 3, 0, 0, 1]
Step:  31
---obs, reward, done, info:  [4, 3, 2, 2, 3, 1, 2, 3, 2, 1, 1, 3, 0, 0, 1] 0.3478870391845703 False taller2 |123
---action:  [4, 3, 2, 2, 3, 1, 2, 3, 2, 1, 1, 3, 0, 0, 1]
10
new action [4, 3, 2, 2, 3, 1, 2, 3, 2, 1, 4, 3, 0, 0, 1]
Step:  32
---obs, reward, done, info:  [4, 3, 2, 2, 3, 1, 2, 3, 2, 1, 4, 3, 0, 0, 1] 1.3025283813476562 False taller2 |123
---action:  [4, 3, 2, 2, 3, 1, 2, 3, 2, 1, 4, 3, 0, 0, 1]
3
new action [4, 3, 2, 0, 3, 1, 2, 3, 2, 1, 4, 3, 0, 0, 1]
Step:  33
---obs, reward, done, info:  [4, 3, 2, 0, 3, 1, 2, 3, 2, 1, 4, 3, 0, 0, 1] 0.5592365264892578 False taller2 |123
---action:  [4, 3, 2, 0, 3, 1, 2, 3, 2, 1, 4, 3, 0, 0, 1]
13
new action [4, 3, 2, 0, 3, 1, 2, 3, 2, 1, 4, 3, 0, 3, 1]
Step:  34
---obs, reward, done, info:  [4, 3, 2, 0, 3, 1, 2, 3, 2, 1, 4, 3, 0, 3, 1] 1.2397308349609375 False taller2 |123
---action:  [4, 3, 2, 0, 3, 1, 2, 3, 2, 1, 4, 3, 0, 3, 1]
13
new action [4, 3, 2, 0, 3, 1, 2, 3, 2, 1, 4, 3, 0, 1, 1]
Step:  35
---obs, reward, done, info:  [4, 3, 2, 0, 3, 1, 2, 3, 2, 1, 4, 3, 0, 1, 1] 0.7050552368164062 False taller2 |123
---action:  [4, 3, 2, 0, 3, 1, 2, 3, 2, 1, 4, 3, 0, 1, 1]
8
new action [4, 3, 2, 0, 3, 1, 2, 3, 1, 1, 4, 3, 0, 1, 1]
Step:  36
---obs, reward, done, info:  [4, 3, 2, 0, 3, 1, 2, 3, 1, 1, 4, 3, 0, 1, 1] 1.259927749633789 False taller2 |123
---action:  [4, 3, 2, 0, 3, 1, 2, 3, 1, 1, 4, 3, 0, 1, 1]
9
new action [4, 3, 2, 0, 3, 1, 2, 3, 1, 4, 4, 3, 0, 1, 1]
Step:  37
---obs, reward, done, info:  [4, 3, 2, 0, 3, 1, 2, 3, 1, 4, 4, 3, 0, 1, 1] 0.6083927154541016 False taller2 |123
---action:  [4, 3, 2, 0, 3, 1, 2, 3, 1, 4, 4, 3, 0, 1, 1]
11
new action [4, 3, 2, 0, 3, 1, 2, 3, 1, 4, 4, 2, 0, 1, 1]
Step:  38
---obs, reward, done, info:  [4, 3, 2, 0, 3, 1, 2, 3, 1, 4, 4, 2, 0, 1, 1] 1.3041648864746094 False taller2 |123
---action:  [4, 3, 2, 0, 3, 1, 2, 3, 1, 4, 4, 2, 0, 1, 1]
6
new action [4, 3, 2, 0, 3, 1, 4, 3, 1, 4, 4, 2, 0, 1, 1]
Step:  39
---obs, reward, done, info:  [4, 3, 2, 0, 3, 1, 4, 3, 1, 4, 4, 2, 0, 1, 1] 0.03877449035644531 False taller2 |123
---action:  [4, 3, 2, 0, 3, 1, 4, 3, 1, 4, 4, 2, 0, 1, 1]
7
new action [4, 3, 2, 0, 3, 1, 4, 0, 1, 4, 4, 2, 0, 1, 1]
Step:  40
---obs, reward, done, info:  [4, 3, 2, 0, 3, 1, 4, 0, 1, 4, 4, 2, 0, 1, 1] 0.1671142578125 True taller2 |123
Done
