Build ns-3 project if required
Waf: Entering directory `/home/jimmy/UNAL/UNAL/2020-2/estocaticos/ns-allinone-3.30.1/ns-3.30.1/build'
[2458/2517] Compiling scratch/estocasticos/lte-multicell.cc
[2476/2517] Linking build/scratch/estocasticos/estocasticos
Waf: Leaving directory `/home/jimmy/UNAL/UNAL/2020-2/estocaticos/ns-allinone-3.30.1/ns-3.30.1/build'
Observation space:  Box(0, 100, (18,), uint64) uint64
Action space:  Box(0, 100, (18,), uint64) uint64
Start iteration:  0
Step:  0
---obs: [1, 4, 1, 4, 4, 0, 5, 5, 2, 4, 3, 5, 5, 0, 3, 1, 5, 4]
---action:  [1, 4, 1, 4, 4, 0, 5, 5, 2, 4, 3, 5, 5, 0, 3, 1, 5, 4]
16
new action [1, 4, 1, 4, 4, 0, 5, 5, 2, 4, 3, 5, 5, 0, 3, 1, 3, 4]
Step:  1
---obs, reward, done, info:  [1, 4, 1, 4, 4, 0, 5, 5, 2, 4, 3, 5, 5, 0, 3, 1, 3, 4] 0.021390222012996674 False taller2 |123
---action:  [1, 4, 1, 4, 4, 0, 5, 5, 2, 4, 3, 5, 5, 0, 3, 1, 3, 4]
5
new action [1, 4, 1, 4, 4, 4, 5, 5, 2, 4, 3, 5, 5, 0, 3, 1, 3, 4]
Step:  2
---obs, reward, done, info:  [1, 4, 1, 4, 4, 4, 5, 5, 2, 4, 3, 5, 5, 0, 3, 1, 3, 4] 0.0 False taller2 |123
---action:  [1, 4, 1, 4, 4, 4, 5, 5, 2, 4, 3, 5, 5, 0, 3, 1, 3, 4]
16
new action [1, 4, 1, 4, 4, 4, 5, 5, 2, 4, 3, 5, 5, 0, 3, 1, 5, 4]
Step:  3
---obs, reward, done, info:  [1, 4, 1, 4, 4, 4, 5, 5, 2, 4, 3, 5, 5, 0, 3, 1, 5, 4] 0.020479999482631683 False taller2 |123
---action:  [1, 4, 1, 4, 4, 4, 5, 5, 2, 4, 3, 5, 5, 0, 3, 1, 5, 4]
2
new action [1, 4, 5, 4, 4, 4, 5, 5, 2, 4, 3, 5, 5, 0, 3, 1, 5, 4]
Step:  4
---obs, reward, done, info:  [1, 4, 5, 4, 4, 4, 5, 5, 2, 4, 3, 5, 5, 0, 3, 1, 5, 4] -0.010012444108724594 False taller2 |123
---action:  [1, 4, 1, 4, 4, 4, 5, 5, 2, 4, 3, 5, 5, 0, 3, 1, 5, 4]
3
new action [1, 4, 1, 2, 4, 4, 5, 5, 2, 4, 3, 5, 5, 0, 3, 1, 5, 4]
Step:  5
---obs, reward, done, info:  [1, 4, 1, 2, 4, 4, 5, 5, 2, 4, 3, 5, 5, 0, 3, 1, 5, 4] 0.01592889428138733 False taller2 |123
---action:  [1, 4, 1, 2, 4, 4, 5, 5, 2, 4, 3, 5, 5, 0, 3, 1, 5, 4]
2
new action [1, 4, 3, 2, 4, 4, 5, 5, 2, 4, 3, 5, 5, 0, 3, 1, 5, 4]
Step:  6
---obs, reward, done, info:  [1, 4, 3, 2, 4, 4, 5, 5, 2, 4, 3, 5, 5, 0, 3, 1, 5, 4] 0.050972431898117065 False taller2 |123
---action:  [1, 4, 3, 2, 4, 4, 5, 5, 2, 4, 3, 5, 5, 0, 3, 1, 5, 4]
16
new action [1, 4, 3, 2, 4, 4, 5, 5, 2, 4, 3, 5, 5, 0, 3, 1, 4, 4]
Step:  7
---obs, reward, done, info:  [1, 4, 3, 2, 4, 4, 5, 5, 2, 4, 3, 5, 5, 0, 3, 1, 4, 4] 0.04551112651824951 False taller2 |123
---action:  [1, 4, 3, 2, 4, 4, 5, 5, 2, 4, 3, 5, 5, 0, 3, 1, 4, 4]
16
3
new action [1, 4, 3, 4, 4, 4, 5, 5, 2, 4, 3, 5, 5, 0, 3, 1, 4, 4]
Step:  8
---obs, reward, done, info:  [1, 4, 3, 4, 4, 4, 5, 5, 2, 4, 3, 5, 5, 0, 3, 1, 4, 4] 0.07327289879322052 False taller2 |123
---action:  [1, 4, 3, 4, 4, 4, 5, 5, 2, 4, 3, 5, 5, 0, 3, 1, 4, 4]
6
new action [1, 4, 3, 4, 4, 4, 2, 5, 2, 4, 3, 5, 5, 0, 3, 1, 4, 4]
Step:  9
---obs, reward, done, info:  [1, 4, 3, 4, 4, 4, 2, 5, 2, 4, 3, 5, 5, 0, 3, 1, 4, 4] 0.03094753623008728 False taller2 |123
---action:  [1, 4, 3, 4, 4, 4, 2, 5, 2, 4, 3, 5, 5, 0, 3, 1, 4, 4]
10
new action [1, 4, 3, 4, 4, 4, 2, 5, 2, 4, 0, 5, 5, 0, 3, 1, 4, 4]
Step:  10
---obs, reward, done, info:  [1, 4, 3, 4, 4, 4, 2, 5, 2, 4, 0, 5, 5, 0, 3, 1, 4, 4] 0.06963202357292175 False taller2 |123
---action:  [1, 4, 3, 4, 4, 4, 2, 5, 2, 4, 0, 5, 5, 0, 3, 1, 4, 4]
2
new action [1, 4, 5, 4, 4, 4, 2, 5, 2, 4, 0, 5, 5, 0, 3, 1, 4, 4]
Step:  11
---obs, reward, done, info:  [1, 4, 5, 4, 4, 4, 2, 5, 2, 4, 0, 5, 5, 0, 3, 1, 4, 4] 0.05279284715652466 False taller2 |123
---action:  [1, 4, 5, 4, 4, 4, 2, 5, 2, 4, 0, 5, 5, 0, 3, 1, 4, 4]
3
new action [1, 4, 5, 3, 4, 4, 2, 5, 2, 4, 0, 5, 5, 0, 3, 1, 4, 4]
Step:  12
---obs, reward, done, info:  [1, 4, 5, 3, 4, 4, 2, 5, 2, 4, 0, 5, 5, 0, 3, 1, 4, 4] 0.05415827035903931 False taller2 |123
---action:  [1, 4, 5, 3, 4, 4, 2, 5, 2, 4, 0, 5, 5, 0, 3, 1, 4, 4]
2
new action [1, 4, 4, 3, 4, 4, 2, 5, 2, 4, 0, 5, 5, 0, 3, 1, 4, 4]
Step:  13
---obs, reward, done, info:  [1, 4, 4, 3, 4, 4, 2, 5, 2, 4, 0, 5, 5, 0, 3, 1, 4, 4] 0.05506843328475952 False taller2 |123
---action:  [1, 4, 4, 3, 4, 4, 2, 5, 2, 4, 0, 5, 5, 0, 3, 1, 4, 4]
9
new action [1, 4, 4, 3, 4, 4, 2, 5, 2, 3, 0, 5, 5, 0, 3, 1, 4, 4]
Step:  14
---obs, reward, done, info:  [1, 4, 4, 3, 4, 4, 2, 5, 2, 3, 0, 5, 5, 0, 3, 1, 4, 4] 0.04733151197433472 False taller2 |123
---action:  [1, 4, 4, 3, 4, 4, 2, 5, 2, 3, 0, 5, 5, 0, 3, 1, 4, 4]
7
new action [1, 4, 4, 3, 4, 4, 2, 1, 2, 3, 0, 5, 5, 0, 3, 1, 4, 4]
Step:  15
---obs, reward, done, info:  [1, 4, 4, 3, 4, 4, 2, 1, 2, 3, 0, 5, 5, 0, 3, 1, 4, 4] 0.06690138578414917 False taller2 |123
---action:  [1, 4, 4, 3, 4, 4, 2, 1, 2, 3, 0, 5, 5, 0, 3, 1, 4, 4]
10
new action [1, 4, 4, 3, 4, 4, 2, 1, 2, 3, 4, 5, 5, 0, 3, 1, 4, 4]
Step:  16
---obs, reward, done, info:  [1, 4, 4, 3, 4, 4, 2, 1, 2, 3, 4, 5, 5, 0, 3, 1, 4, 4] 0.04323548078536987 False taller2 |123
---action:  [1, 4, 4, 3, 4, 4, 2, 1, 2, 3, 4, 5, 5, 0, 3, 1, 4, 4]
10
new action [1, 4, 4, 3, 4, 4, 2, 1, 2, 3, 1, 5, 5, 0, 3, 1, 4, 4]
Step:  17
---obs, reward, done, info:  [1, 4, 4, 3, 4, 4, 2, 1, 2, 3, 1, 5, 5, 0, 3, 1, 4, 4] 0.06462585926055908 False taller2 |123
---action:  [1, 4, 4, 3, 4, 4, 2, 1, 2, 3, 1, 5, 5, 0, 3, 1, 4, 4]
13
new action [1, 4, 4, 3, 4, 4, 2, 1, 2, 3, 1, 5, 5, 1, 3, 1, 4, 4]
Step:  18
---obs, reward, done, info:  [1, 4, 4, 3, 4, 4, 2, 1, 2, 3, 1, 5, 5, 1, 3, 1, 4, 4] 0.0477866530418396 False taller2 |123
---action:  [1, 4, 4, 3, 4, 4, 2, 1, 2, 3, 1, 5, 5, 1, 3, 1, 4, 4]
11
new action [1, 4, 4, 3, 4, 4, 2, 1, 2, 3, 1, 0, 5, 1, 3, 1, 4, 4]
Step:  19
---obs, reward, done, info:  [1, 4, 4, 3, 4, 4, 2, 1, 2, 3, 1, 0, 5, 1, 3, 1, 4, 4] 0.04824179410934448 False taller2 |123
---action:  [1, 4, 4, 3, 4, 4, 2, 1, 2, 3, 1, 0, 5, 1, 3, 1, 4, 4]
15
new action [1, 4, 4, 3, 4, 4, 2, 1, 2, 3, 1, 0, 5, 1, 3, 2, 4, 4]
Step:  20
---obs, reward, done, info:  [1, 4, 4, 3, 4, 4, 2, 1, 2, 3, 1, 0, 5, 1, 3, 2, 4, 4] 0.06007462739944458 False taller2 |123
---action:  [1, 4, 4, 3, 4, 4, 2, 1, 2, 3, 1, 0, 5, 1, 3, 2, 4, 4]
9
new action [1, 4, 4, 3, 4, 4, 2, 1, 2, 5, 1, 0, 5, 1, 3, 2, 4, 4]
Step:  21
---obs, reward, done, info:  [1, 4, 4, 3, 4, 4, 2, 1, 2, 5, 1, 0, 5, 1, 3, 2, 4, 4] 0.0373191237449646 False taller2 |123
---action:  [1, 4, 4, 3, 4, 4, 2, 1, 2, 5, 1, 0, 5, 1, 3, 2, 4, 4]
2
new action [1, 4, 5, 3, 4, 4, 2, 1, 2, 5, 1, 0, 5, 1, 3, 2, 4, 4]
Step:  22
---obs, reward, done, info:  [1, 4, 5, 3, 4, 4, 2, 1, 2, 5, 1, 0, 5, 1, 3, 2, 4, 4] 0.07372802495956421 False taller2 |123
---action:  [1, 4, 5, 3, 4, 4, 2, 1, 2, 5, 1, 0, 5, 1, 3, 2, 4, 4]
2
new action [1, 4, 0, 3, 4, 4, 2, 1, 2, 5, 1, 0, 5, 1, 3, 2, 4, 4]
Step:  23
---obs, reward, done, info:  [1, 4, 0, 3, 4, 4, 2, 1, 2, 5, 1, 0, 5, 1, 3, 2, 4, 4] 0.015928804874420166 False taller2 |123
---action:  [1, 4, 0, 3, 4, 4, 2, 1, 2, 5, 1, 0, 5, 1, 3, 2, 4, 4]
8
new action [1, 4, 0, 3, 4, 4, 2, 1, 3, 5, 1, 0, 5, 1, 3, 2, 4, 4]
Step:  24
---obs, reward, done, info:  [1, 4, 0, 3, 4, 4, 2, 1, 3, 5, 1, 0, 5, 1, 3, 2, 4, 4] 0.092842698097229 False taller2 |123
---action:  [1, 4, 0, 3, 4, 4, 2, 1, 3, 5, 1, 0, 5, 1, 3, 2, 4, 4]
0
new action [2, 4, 0, 3, 4, 4, 2, 1, 3, 5, 1, 0, 5, 1, 3, 2, 4, 4]
Step:  25
---obs, reward, done, info:  [2, 4, 0, 3, 4, 4, 2, 1, 3, 5, 1, 0, 5, 1, 3, 2, 4, 4] 0.04050493240356445 False taller2 |123
---action:  [2, 4, 0, 3, 4, 4, 2, 1, 3, 5, 1, 0, 5, 1, 3, 2, 4, 4]
0
new action [0, 4, 0, 3, 4, 4, 2, 1, 3, 5, 1, 0, 5, 1, 3, 2, 4, 4]
Step:  26
---obs, reward, done, info:  [0, 4, 0, 3, 4, 4, 2, 1, 3, 5, 1, 0, 5, 1, 3, 2, 4, 4] 0.08692622184753418 False taller2 |123
---action:  [0, 4, 0, 3, 4, 4, 2, 1, 3, 5, 1, 0, 5, 1, 3, 2, 4, 4]
14
new action [0, 4, 0, 3, 4, 4, 2, 1, 3, 5, 1, 0, 5, 1, 0, 2, 4, 4]
Step:  27
---obs, reward, done, info:  [0, 4, 0, 3, 4, 4, 2, 1, 3, 5, 1, 0, 5, 1, 0, 2, 4, 4] 0.06417059898376465 False taller2 |123
---action:  [0, 4, 0, 3, 4, 4, 2, 1, 3, 5, 1, 0, 5, 1, 0, 2, 4, 4]
17
new action [0, 4, 0, 3, 4, 4, 2, 1, 3, 5, 1, 0, 5, 1, 0, 2, 4, 1]
Step:  28
---obs, reward, done, info:  [0, 4, 0, 3, 4, 4, 2, 1, 3, 5, 1, 0, 5, 1, 0, 2, 4, 1] 0.0810098648071289 False taller2 |123
---action:  [0, 4, 0, 3, 4, 4, 2, 1, 3, 5, 1, 0, 5, 1, 0, 2, 4, 1]
7
new action [0, 4, 0, 3, 4, 4, 2, 4, 3, 5, 1, 0, 5, 1, 0, 2, 4, 1]
Step:  29
---obs, reward, done, info:  [0, 4, 0, 3, 4, 4, 2, 4, 3, 5, 1, 0, 5, 1, 0, 2, 4, 1] 0.0669013261795044 False taller2 |123
---action:  [0, 4, 0, 3, 4, 4, 2, 4, 3, 5, 1, 0, 5, 1, 0, 2, 4, 1]
2
new action [0, 4, 5, 3, 4, 4, 2, 4, 3, 5, 1, 0, 5, 1, 0, 2, 4, 1]
Step:  30
---obs, reward, done, info:  [0, 4, 5, 3, 4, 4, 2, 4, 3, 5, 1, 0, 5, 1, 0, 2, 4, 1] 0.07099735736846924 False taller2 |123
---action:  [0, 4, 5, 3, 4, 4, 2, 4, 3, 5, 1, 0, 5, 1, 0, 2, 4, 1]
3
new action [0, 4, 5, 5, 4, 4, 2, 4, 3, 5, 1, 0, 5, 1, 0, 2, 4, 1]
Step:  31
---obs, reward, done, info:  [0, 4, 5, 5, 4, 4, 2, 4, 3, 5, 1, 0, 5, 1, 0, 2, 4, 1] 0.07236254215240479 False taller2 |123
---action:  [0, 4, 5, 5, 4, 4, 2, 4, 3, 5, 1, 0, 5, 1, 0, 2, 4, 1]
16
new action [0, 4, 5, 5, 4, 4, 2, 4, 3, 5, 1, 0, 5, 1, 0, 2, 1, 1]
Step:  32
---obs, reward, done, info:  [0, 4, 5, 5, 4, 4, 2, 4, 3, 5, 1, 0, 5, 1, 0, 2, 1, 1] 0.07463836669921875 False taller2 |123
---action:  [0, 4, 5, 5, 4, 4, 2, 4, 3, 5, 1, 0, 5, 1, 0, 2, 1, 1]
7
new action [0, 4, 5, 5, 4, 4, 2, 3, 3, 5, 1, 0, 5, 1, 0, 2, 1, 1]
Step:  33
---obs, reward, done, info:  [0, 4, 5, 5, 4, 4, 2, 3, 3, 5, 1, 0, 5, 1, 0, 2, 1, 1] 0.07645857334136963 False taller2 |123
---action:  [0, 4, 5, 5, 4, 4, 2, 3, 3, 5, 1, 0, 5, 1, 0, 2, 1, 1]
5
new action [0, 4, 5, 5, 4, 5, 2, 3, 3, 5, 1, 0, 5, 1, 0, 2, 1, 1]
Step:  34
---obs, reward, done, info:  [0, 4, 5, 5, 4, 5, 2, 3, 3, 5, 1, 0, 5, 1, 0, 2, 1, 1] 0.040505051612854004 False taller2 |123
---action:  [0, 4, 5, 5, 4, 5, 2, 3, 3, 5, 1, 0, 5, 1, 0, 2, 1, 1]
16
new action [0, 4, 5, 5, 4, 5, 2, 3, 3, 5, 1, 0, 5, 1, 0, 2, 2, 1]
Step:  35
---obs, reward, done, info:  [0, 4, 5, 5, 4, 5, 2, 3, 3, 5, 1, 0, 5, 1, 0, 2, 2, 1] 0.09011209011077881 False taller2 |123
---action:  [0, 4, 5, 5, 4, 5, 2, 3, 3, 5, 1, 0, 5, 1, 0, 2, 2, 1]
10
new action [0, 4, 5, 5, 4, 5, 2, 3, 3, 5, 2, 0, 5, 1, 0, 2, 2, 1]
Step:  36
---obs, reward, done, info:  [0, 4, 5, 5, 4, 5, 2, 3, 3, 5, 2, 0, 5, 1, 0, 2, 2, 1] 0.030947327613830566 False taller2 |123
---action:  [0, 4, 5, 5, 4, 5, 2, 3, 3, 5, 2, 0, 5, 1, 0, 2, 2, 1]
11
new action [0, 4, 5, 5, 4, 5, 2, 3, 3, 5, 2, 1, 5, 1, 0, 2, 2, 1]
Step:  37
